STATES = [12.5, 12.5;
22.479, 26.999;
33.7019, 40.4969;
44.914, 53.993;
56.116, 67.486;
67.306, 80.976;
78.486, 94.461;
89.655, 107.94;
100.81, 121.42;
111.96, 134.89;
123.1, 148.35;
134.29, 161.9;
145.48, 175.43;
156.66, 188.96;
167.83, 202.48;
178.98, 215.99;
190.12, 229.48;
201.25, 242.97;
212.37, 256.44;
223.56, 269.99;
234.73, 283.53;
245.89, 297.05;
257.03, 310.55;
268.17, 324.04;
279.3, 337.51;
290.48, 351.06;
301.65, 364.58;
312.82, 378.09;
323.97, 391.58;
335.1, 405.04;
346.3, 418.57;
357.49, 432.08;
368.66, 445.57;
379.83, 459.03;
391.05, 472.56;
402.26, 486.06;
413.46, 499.54;
424.64, 512.98;
435.81, 526.4;
447.05, 539.88;
458.26, 553.33;
469.47, 566.75;
480.74, 580.22;
491.99, 593.66;
503.23, 607.07;
514.52, 620.52;
525.81, 633.95;
537.08, 647.33;
548.41, 660.77;
559.72, 674.17;
571.02, 687.52;
582.38, 700.93;
593.73, 714.29;
605.06, 727.61;
616.45, 740.97;
627.82, 754.28;
639.18, 767.56;
650.6, 780.86;
662, 794.13;
673.46, 807.42;
684.9, 820.67;
696.4, 833.94;
707.88, 847.17;
719.42, 860.42;
730.94, 873.62;
742.52, 886.84;
754.08, 900.01;
765.7, 913.2;
777.3, 926.33;
788.95, 939.47;
800.59, 952.56;
812.29, 965.66;
823.96, 978.69;
835.69, 991.74;
847.4, 1004.7;
859.17, 1017.7;
870.98, 1030.7;
882.78, 1043.6;
894.63, 1056.5;
906.47, 1069.4;
918.35, 1082.2;
930.29, 1095.1;
942.27, 1107.9;
954.31, 1120.7;
966.33, 1133.5;
978.39, 1146.2;
990.51, 1158.9;
1002.6, 1171.6;
1014.8, 1184.2;
1027, 1196.8;
1039.2, 1209.3;
1051.5, 1221.8;
1063.8, 1234.3;
1076.1, 1246.7;
1088.5, 1259.1;
1100.9, 1271.4;
1113.4, 1283.7;
1125.9, 1296;
1138.5, 1308.2;
1151.1, 1320.4;
1163.8, 1332.5;
1176.5, 1344.5;
1189.3, 1356.5;
1202.1, 1368.5;
1215, 1380.4;
1228, 1392.2;
1241, 1404;
1254, 1415.7;
1267.1, 1427.3;
1280.3, 1438.9;
1293.5, 1450.4;
1306.8, 1461.8;
1320.2, 1473.1;
1333.6, 1484.4;
1347.1, 1495.6;
1360.7, 1506.7;
1374.4, 1517.7;
1388.1, 1528.6;
1401.9, 1539.4;
1415.8, 1550.1;
1429.8, 1560.7;
1443.9, 1571.1;
1458, 1581.5;
1472.3, 1591.7;
1486.6, 1601.8;
1501, 1611.8;
1515.5, 1621.6;
1530.1, 1631.3;
1544.8, 1640.8;
1559.6, 1650.2;
1574.5, 1659.3;
1589.5, 1668.3;
1604.6, 1677.1;
1619.8, 1685.8;
1635.2, 1694.2;
1650.7, 1702.4;
1666.3, 1710.4;
1682, 1718.2;
1697.8, 1725.6;
1713.7, 1732.8;
1729.8, 1739.8;
1746, 1746.5;
1762.4, 1752.8;
1778.8, 1758.9;
1795.4, 1764.6;
1812.1, 1769.9;
1828.9, 1774.9;
1845.8, 1779.5;
1862.8, 1783.6;
1879.9, 1787.4;
1897.1, 1790.7;
1914.4, 1793.5;
1931.8, 1795.8;
1949.2, 1797.7;
1966.7, 1799;
1984.2, 1799.8;
2001.7, 1800;
2019.2, 1800;
2036.7, 1800;
2054.2, 1800;
2071.7, 1800;
2089.2, 1800;
2106.7, 1800;
2124.2, 1800;
2141.7, 1800;
2159.2, 1800;
2176.7, 1800;
2194.2, 1800;
2211.7, 1800;
2229.2, 1800;
2246.7, 1800;
2264.2, 1800;
2281.7, 1800;
2299.2, 1800;
2316.7, 1800;
2334.2, 1800;
2351.7, 1800;
2369.2, 1800;
2386.7, 1800;
2404.2, 1800;
2421.7, 1800;
2439.2, 1800;
2456.7, 1800;
2474.2, 1800;
2491.7, 1800;
2509.2, 1800;
2526.7, 1800;
2544.2, 1800;
2561.7, 1800;
2579.2, 1800;
2596.7, 1800;
2614.2, 1800;
2631.7, 1800;
2649.2, 1800;
2666.7, 1800;
2684.2, 1800;
2701.7, 1800;
2719.2, 1800;
2736.7, 1800;
2754.2, 1800;
2771.7, 1800;
2789.2, 1800;
2806.7, 1800;
2824.2, 1800;
2841.7, 1800;
2859.2, 1800;
2876.7, 1800;
2894.2, 1800;
2911.7, 1800;
2929.2, 1800;
2946.7, 1800;
2964.2, 1800;
2981.7, 1800;
2999.2, 1800;
3016.7, 1800;
3034.2, 1800;
3051.7, 1800;
3069.2, 1800;
3086.7, 1800;
3104.2, 1800;
3121.7, 1800;
3139.2, 1800;
3156.7, 1800;
3174.2, 1800;
3191.7, 1800;
3209.2, 1800;
3226.7, 1800;
3244.2, 1800;
3261.7, 1800;
3279.2, 1800;
3296.7, 1800;
3314.2, 1800;
3331.7, 1800;
3349.2, 1800;
3366.7, 1800;
3384.2, 1800;
3401.7, 1800;
3419.2, 1800;
3436.7, 1800;
3454.2, 1800;
3471.7, 1800;
3489.2, 1800;
3506.7, 1800;
3524.2, 1800.5;
3541.7, 1801.3;
3559.2, 1802.6;
3576.6, 1804.3;
3594, 1806.4;
3611.4, 1808.8;
3628.7, 1811.6;
3646, 1814.7;
3663.2, 1818.1;
3680.3, 1821.9;
3697.4, 1825.9;
3714.4, 1830.1;
3731.3, 1834.7;
3748.2, 1839.5;
3765, 1844.5;
3781.7, 1849.8;
3798.3, 1855.3;
3814.9, 1861;
3831.4, 1867;
3847.8, 1873.1;
3864.1, 1879.5;
3880.3, 1886;
3896.5, 1892.8;
3912.6, 1899.8;
3928.6, 1906.9;
3944.5, 1914.3;
3960.3, 1921.8;
3976.1, 1929.5;
3991.8, 1937.4;
4007.4, 1945.5;
4022.9, 1953.7;
4038.2, 1962.1;
4053.5, 1970.7;
4068.7, 1979.5;
4083.8, 1988.5;
4098.8, 1997.6;
4113.7, 2006.9;
4128.4, 2016.4;
4143.1, 2026;
4157.6, 2035.9;
4172, 2045.9;
4186.3, 2056.1;
4200.5, 2066.4;
4214.5, 2077;
4228.4, 2087.7;
4242.1, 2098.7;
4255.7, 2109.8;
4269.1, 2121.1;
4282.3, 2132.7;
4295.4, 2144.4;
4308.2, 2156.3;
4320.9, 2168.4;
4333.3, 2180.8;
4345.5, 2193.4;
4357.5, 2206.2;
4369.2, 2219.2;
4380.6, 2232.5;
4391.8, 2246;
4402.6, 2259.8;
4413.1, 2273.8;
4423.2, 2288.1;
4432.9, 2302.7;
4442.2, 2317.6;
4451, 2332.8;
4459.3, 2348.2;
4467, 2364;
4474.1, 2380;
4480.4, 2396.4;
4486.1, 2413;
4490.8, 2429.9;
4494.7, 2447;
4497.6, 2464.3;
4499.4, 2481.7;
4500, 2499.2;
4500, 2516.7;
4500, 2534.2;
4500, 2551.7;
4500, 2569.2;
4500, 2586.7;
4500, 2604.2;
4500, 2621.7;
4500, 2639.2;
4500, 2656.7;
4500, 2674.2;
4500, 2691.7;
4500, 2709.2;
4500, 2726.7;
4500, 2744.2;
4500, 2761.7;
4500, 2779.2;
4500, 2796.7;
4500, 2814.2;
4500, 2831.7;
4500, 2849.2;
4500, 2866.7;
4500, 2884.2;
4500, 2901.7;
4500, 2919.2;
4500, 2936.7;
4500, 2954.2;
4500, 2971.7;
4500, 2989.2;
4500, 3006.7;
4500, 3024.2;
4500, 3041.7;
4500, 3059.2;
4500, 3076.7;
4500, 3094.2;
4500, 3111.7;
4500, 3129.2;
4500, 3146.7;
4500, 3164.2;
4500, 3181.7;
4500, 3199.2;
4500, 3216.7;
4500, 3234.2;
4500, 3251.7;
4500, 3269.2;
4500, 3286.7;
4500, 3304.2;
4500, 3321.7;
4500, 3339.2;
4500, 3356.7;
4500, 3374.2;
4500, 3391.7;
4500, 3409.2;
4500, 3426.7;
4500, 3444.2;
4500, 3461.7;
4500, 3479.2;
4500, 3496.7;
4500, 3514.2;
4500, 3531.7;
4500, 3549.2;
4500, 3566.7;
4500, 3584.2;
4500, 3601.7;
4500, 3619.2;
4500, 3636.7;
4500, 3654.2;
4500, 3671.7;
4500, 3689.2;
4500, 3706.7;
4500, 3724.2;
4500, 3741.7;
4500, 3759.2;
4500, 3776.7;
4500, 3794.2;
4500, 3811.7;
4500, 3829.2;
4500, 3846.7;
4500, 3864.2;
4500, 3881.7;
4500, 3899.2;
4500, 3916.7;
4500, 3934.2;
4500, 3951.7;
4500, 3969.2;
4500, 3986.7;
4500, 3969.2;
4500, 3986.7;
4500, 3969.2;
4500, 3986.7;
4500, 3969.2;
4500, 3986.7;
4500, 3969.2;
4500, 3986.7;
4500, 3969.2;
4500, 3986.7;
4500, 3969.2;
4500, 3986.7;
4500, 3969.2;
4500, 3986.7;
4500, 3969.2;
4500, 3986.7;
4500, 3969.2;
4500, 3986.7;
4500, 3969.2;
4500, 3986.7;
4500, 3969.2;
4500, 3986.7;
4500, 3969.2;
4500, 3986.7;
4500, 3969.2;
4500, 3986.7;
4500, 3969.2;
4500, 3986.7;
4500, 3969.2;
4500, 3986.7;
4500, 3969.2;
4500, 3986.7;
4500, 3969.2;
4500, 3986.7;
4500, 3969.2;
4500, 3986.7;
4500, 3969.2;
4500, 3986.7;
4500, 3969.2;
4500, 3986.7;
4500, 3969.2;
4500, 3986.7;
4500, 3969.2;
4500, 3986.7;
4500, 3969.2;
4500, 3986.7;
4500, 3969.2;
4500, 3986.7;
4500, 3969.2;
4500, 3986.7;
4500, 3969.2;
4500, 3986.7;
4500, 3969.2;
4500, 3986.7;
4500, 3969.2;
4500, 3986.7;
4500, 3969.2;
4500, 3986.7;
4500, 3969.2;
4500, 3986.7;
4500, 3969.2;
4500, 3986.7;
4500, 3969.2;
4500, 3986.7;
4500, 3969.2;
4500, 3986.7;
4500, 3969.2;
4500, 3986.7;
4500, 3969.2;
4500, 3986.7;
4500, 3969.2;
4500, 3986.7;
4500, 3969.2;
4500, 3986.7;
4500, 3969.2;
4500, 3986.7;
4500, 3969.2;
4500, 3986.7;
4500, 3969.2;
4500, 3986.7;
4500, 3969.2;
4500, 3986.7;
4500, 3969.2;
4500, 3986.7;
4500, 3969.2;
4500, 3986.7;
4500, 3969.2;
4500, 3986.7;
4500, 3969.2;
4500, 3986.7;
4500, 3969.2;
4500, 3986.7;
4500, 3969.2;
4500, 3986.7;
4500, 3969.2;
4500, 3986.7;
4500, 3969.2;
4500, 3986.7;
4500, 3969.2;
4500, 3986.7;
4500, 3969.2;
4500, 3986.7;
4500, 3969.2;
4500, 3986.7;
4500, 3969.2;
4500, 3986.7;
4500, 3969.2;
4500, 3986.7;
4500, 3969.2;
4500, 3986.7;
4500, 3969.2;
4500, 3986.7;
4500, 3969.2;
4500, 3986.7;
4500, 3969.2;
4500, 3986.7;
4500, 3969.2;
4500, 3986.7;
4500, 3969.2;
4500, 3986.7;
4500, 3969.2;
4500, 3986.7;
4500, 3969.2;
4500, 3986.7;
4500, 3969.2;
4500, 3986.7;
4500, 3969.2;
4500, 3986.7;
4500, 3969.2;
4500, 3986.7;
4500, 3969.2;
4500, 3986.7;
4500, 3969.2;
4500, 3986.7;
4500, 3969.2;
4500, 3986.7;
4500, 3969.2;
4500, 3986.7;
4500, 3969.2;
4500, 3986.7;
4500, 3969.2;
