STATES = [0, 5.06563, 0, 149.722, 25.7603, 0, -0.555759, 0, 0.0443066, 0, 0, -0.207007, 0, -0.15, 0, 0, 0.15;
0.2, 10.2601, 0, 149.43, 26.1018, 0, -1.7942, 0, -0.00493982, 0, 0, -0.239038, 0, -0.19, 0, 0, 0.11;
0.4, 15.4584, 0, 149.142, 25.6597, 0, -2.53822, 0, -0.0337197, 0, 0, -0.0118905, 0, -0.23, 0, 0, 0.07;
0.6, 20.5319, 0, 148.879, 25.0485, 0, -1.77286, 0, -0.000190931, 0, 0, 0.354393, 0, -0.27, 0, 0, 0.0891419;
0.8, 25.5078, 0, 148.648, 24.8903, 0, 0.668863, 0, 0.104043, 0, 0, 0.662525, 0, -0.31, 0, 0, 0.120893;
1, 30.5006, 0, 148.461, 24.9467, 0, 4.04517, 0, 0.250649, 0, 0, 0.763097, 0, -0.35, 0, 0, 0.132611;
1.2, 35.5966, 0, 148.344, 24.9625, 0, 7.17233, 0, 0.392271, 0, 0, 0.613118, 0, -0.375822, 0, 0, 0.145005;
1.4, 40.8103, 0, 148.316, 24.9669, 0, 8.86098, 0, 0.478857, 0, 0, 0.212032, 0, -0.34971, 0, 0, 0.153542;
1.6, 46.0439, 0, 148.382, 24.9756, 0, 8.1472, 0, 0.468205, 0, 0, -0.320761, 0, -0.30971, 0, 0, 0.15278;
1.8, 51.1605, 0, 148.526, 24.9892, 0, 5.0659, 0, 0.358747, 0, 0, -0.733936, 0, -0.26971, 0, 0, 0.142382;
2, 56.1464, 0, 148.725, 25.1702, 0, 0.875813, 0, 0.199828, 0, 0, -0.777315, 0, -0.26971, 0, 0, 0.142382;
2.2, 61.1309, 0, 148.95, 25.2018, 0, -2.44004, 0, 0.0706775, 0, 0, -0.482075, 0, -0.22971, 0, 0, 0.102382;
2.4, 66.1214, 0, 149.183, 24.9777, 0, -3.8573, 0, 0.0130644, 0, 0, -0.0975445, 0, -0.18971, 0, 0, 0.100034;
2.6, 71.0955, 0, 149.41, 24.9122, 0, -3.50593, 0, 0.0239997, 0, 0, 0.174752, 0, -0.155002, 0, 0, 0.111497;
2.8, 76.0508, 0, 149.62, 24.9476, 0, -2.33104, 0, 0.0673307, 0, 0, 0.217443, 0, -0.125193, 0, 0, 0.115094;
3, 80.9931, 0, 149.81, 24.9631, 0, -1.51437, 0, 0.0962039, 0, 0, 0.0423655, 0, -0.0981526, 0, 0, 0.117341;
3.2, 85.9367, 0, 149.979, 24.9696, 0, -1.86081, 0, 0.0777361, 0, 0, -0.229639, 0, -0.0759039, 0, 0, 0.11568;
3.4, 90.9027, 0, 150.122, 24.9761, 0, -3.41101, 0, 0.00934632, 0, 0, -0.428692, 0, -0.0649863, 0, 0, 0.10911;
3.6, 95.9281, 0, 150.227, 24.9826, 0, -5.42035, 0, -0.0794254, 0, 0, -0.417305, 0, -0.0722753, 0, 0, 0.1005;
3.8, 101.035, 0, 150.288, 24.9897, 0, -6.72696, 0, -0.141099, 0, 0, -0.163125, 0, -0.0988334, 0, 0, 0.0945259;
4, 106.176, 0, 150.302, 24.994, 0, -6.45423, 0, -0.139481, 0, 0, 0.168548, 0, -0.0988334, 0, 0, 0.0945259;
4.2, 111.269, 0, 150.273, 24.9435, 0, -4.74902, 0, -0.0784521, 0, 0, 0.430291, 0, -0.138833, 0, 0, 0.0955356;
4.4, 116.273, 0, 150.221, 24.9088, 0, -2.14374, 0, 0.0224799, 0, 0, 0.542745, 0, -0.161716, 0, 0, 0.111039;
4.6, 121.233, 0, 150.161, 24.9352, 0, 0.346736, 0, 0.122347, 0, 0, 0.415446, 0, -0.168131, 0, 0, 0.120652;
4.8, 126.197, 0, 150.107, 24.9535, 0, 1.62118, 0, 0.175696, 0, 0, 0.0968077, 0, -0.163584, 0, 0, 0.125364;
5, 131.167, 0, 150.067, 24.9653, 0, 1.14282, 0, 0.159094, 0, 0, -0.251734, 0, -0.157558, 0, 0, 0.123685;
5.2, 136.131, 0, 150.035, 24.9764, 0, -0.71461, 0, 0.0859192, 0, 0, -0.440216, 0, -0.160828, 0, 0, 0.116512;
5.4, 141.109, 0, 150.004, 24.9872, 0, -2.80307, 0, 0.00176371, 0, 0, -0.352719, 0, -0.179104, 0, 0, 0.108225;
5.6, 146.123, 0, 149.968, 24.9978, 0, -3.77973, 0, -0.0385606, 0, 0, -0.020231, 0, -0.208098, 0, 0, 0.104218;
5.8, 151.141, 0, 149.928, 25.0078, 0, -2.85945, 0, -0.0017715, 0, 0, 0.38026, 0, -0.234449, 0, 0, 0.107729;
6, 156.117, 0, 149.894, 24.91, 0, -0.35158, 0, 0.101048, 0, 0, 0.597968, 0, -0.234449, 0, 0, 0.107729;
6.2, 161.062, 0, 149.881, 24.8675, 0, 2.3267, 0, 0.212891, 0, 0, 0.454206, 0, -0.203525, 0, 0, 0.132889;
6.4, 166.044, 0, 149.893, 24.9314, 0, 3.44855, 0, 0.263431, 0, 0, 0.0259185, 0, -0.185096, 0, 0, 0.133798;
6.6, 171.028, 0, 149.932, 24.9418, 0, 2.29949, 0, 0.222277, 0, 0, -0.418, 0, -0.169669, 0, 0, 0.129162;
6.8, 175.981, 0, 149.988, 24.95, 0, -0.535137, 0, 0.110757, 0, 0, -0.648802, 0, -0.156054, 0, 0, 0.118736;
7, 180.95, 0, 150.043, 24.9638, 0, -3.65119, 0, -0.0158142, 0, 0, -0.56418, 0, -0.149735, 0, 0, 0.106581;
7.2, 185.995, 0, 150.081, 24.9776, 0, -5.55853, 0, -0.0968176, 0, 0, -0.212593, 0, -0.155837, 0, 0, 0.098717;
7.4, 191.082, 0, 150.092, 24.9898, 0, -5.3662, 0, -0.0942136, 0, 0, 0.237598, 0, -0.172585, 0, 0, 0.0989604;
7.6, 196.125, 0, 150.083, 24.9996, 0, -3.18098, 0, -0.00972646, 0, 0, 0.571625, 0, -0.190255, 0, 0, 0.107113;
7.8, 201.105, 0, 150.068, 25.0064, 0, -0.074131, 0, 0.115154, 0, 0, 0.622205, 0, -0.196547, 0, 0, 0.119175;
8, 206.072, 0, 150.065, 24.9046, 0, 2.4178, 0, 0.218701, 0, 0, 0.371586, 0, -0.196547, 0, 0, 0.119175;
8.2, 211.04, 5.74963e-06, 150.088, 24.8631, -0.000293092, 3.08978, -1.85926e-05, 0.250546, 1.32762e-05, -0.00019797, -0.0752961, 0.000162907, -0.168127, 8.49664e-05, -0.000134124, 0.136848;
8.4, 216.005, 4.40754e-05, 150.131, 24.93, -0.00130126, 1.48978, -7.65987e-05, 0.189958, 5.8524e-05, -0.000302126, -0.502555, 0.000250391, -0.153895, 0.000170264, -0.000255201, 0.126705;
8.6, 220.953, 8.73822e-05, 150.184, 24.9423, -0.00227994, -1.57779, -0.000146343, 0.067554, 0.00010537, -0.000340005, -0.665134, 0.000211479, -0.148079, 0.000255858, -0.000367056, 0.114247;
8.8, 225.942, 5.99175e-05, 150.228, 24.9531, -0.00308675, -4.51045, -0.000223837, -0.0528738, 0.000146422, -0.000384158, -0.485753, 0.000204147, -0.15102, 0.000341835, -0.000474901, 0.102964;
9, 231.01, -7.76845e-05, 150.252, 24.9683, -0.00392991, -5.82171, -0.000309667, -0.110447, 0.000189097, -0.000421798, -0.0656424, 0.000218715, -0.162601, 0.000428219, -0.000585404, 0.0974498;
9.2, 236.092, -0.000270988, 150.249, 24.9822, -0.00481971, -4.88359, -0.000402494, -0.0775911, 0.000233527, -0.000453068, 0.378133, 0.000220071, -0.17736, 0.000515133, -0.000696689, 0.100634;
9.4, 241.111, -0.000366534, 150.229, 24.993, -0.00571276, -2.21933, -0.00050363, 0.0268959, 0.000277601, -0.000511415, 0.617884, 0.000218147, -0.185465, 0.00060289, -0.00081502, 0.110752;
9.6, 246.082, -0.000182639, 150.206, 25.0003, -0.00662809, 0.753229, -0.000618923, 0.146921, 0.000321353, -0.00059103, 0.524467, 0.000215257, -0.178923, 0.000690693, -0.000935712, 0.122363;
9.8, 251.06, 0.00034759, 150.194, 25.0045, -0.00756467, 2.41937, -0.000750025, 0.216641, 0.00036367, -0.000668074, 0.135435, 0.000203188, -0.158026, 0.000778373, -0.00105485, 0.129118;
10, 256.047, 0.0010298, 150.199, 25.0286, -0.00821684, 1.85609, -0.00088278, 0.197278, 0.000389668, -0.000616403, -0.311086, 2.3777e-05, -0.158026, 0.000778373, -0.00105485, 0.129118;
10.2, 261.018, 0.00148581, 150.215, 24.9842, -0.0121386, -0.462514, -0.00129348, 0.106006, 0.0005589, -0.00378622, -0.554889, 0.00211072, -0.156603, 0.00190009, -0.00295739, 0.111979;
10.4, 265.984, 0.00121666, 150.234, 24.9313, -0.0257384, -3.16132, -0.00229503, -0.00313078, 0.00114401, -0.00496368, -0.482053, 0.00318741, -0.164838, 0.00303137, -0.00444596, 0.107997;
10.6, 271.004, -0.000358118, 150.242, 24.9553, -0.0385856, -4.72389, -0.00330005, -0.0686698, 0.00171902, -0.00430347, -0.141322, 0.00248263, -0.179175, 0.00417101, -0.005702, 0.101875;
10.8, 276.049, -0.00270367, 150.233, 24.9754, -0.0485527, -4.29619, -0.00412701, -0.0545675, 0.00218943, -0.00334134, 0.275335, 0.00232519, -0.192475, 0.00531744, -0.00686175, 0.102834;
11, 281.057, -0.00416843, 150.213, 24.9883, -0.0587187, -2.1358, -0.00475325, 0.0306948, 0.00268782, -0.00233315, 0.534263, 0.00263795, -0.195312, 0.00646775, -0.00808935, 0.111133;
11.2, 286.027, -0.00301656, 150.194, 24.998, -0.069538, 0.51249, -0.0052645, 0.137936, 0.00325295, -0.00232503, 0.481331, 0.00297488, -0.181817, 0.00761822, -0.00957658, 0.121558;
11.4, 291.001, 0.00130721, 150.185, 25.0041, -0.0809658, 2.0695, -0.00596135, 0.202956, 0.00389084, -0.00418766, 0.129482, 0.00336625, -0.155258, 0.00876639, -0.0113978, 0.127852;
11.6, 295.981, 0.00756776, 150.189, 25.0075, -0.0934855, 1.49536, -0.0071992, 0.182029, 0.00460208, -0.00752267, -0.336729, 0.00365647, -0.128192, 0.00991183, -0.0134174, 0.125799;
11.8, 300.948, 0.0126876, 150.196, 25.0096, -0.107003, -1.07403, -0.00916881, 0.0786205, 0.00533956, -0.0113113, -0.651471, 0.00359974, -0.116171, 0.0110541, -0.0154498, 0.115687;
